26
7
18
12


0 37.00 52.00

1 49.00 49.00
2 52.00 64.00
3 20.00 26.00
4 40.00 30.00
5 21.00 47.00
6 17.00 63.00
7 31.00 62.00


8 52.00 33.00
9 51.00 21.00
10 42.00 41.00
11 31.00 32.00
12 5.00 25.00
13 12.00 42.00
14 36.00 16.00
15 52.00 41.00
16 27.00 23.00
17 17.00 33.00
18 13.00 13.00
19 57.00 58.00
20 62.00 42.00
21 42.00 57.00
22 16.00 57.00
23 8.00 52.00
24 7.00 38.00
25 27.00 68.00


1 3 13 15 25
2 2 9 21
3 3 9 10 17
4 4 12 14 16 23
5 4 8 22 23 24
6 3 11 17 20
7 2 18 19